ID	x	y	z	Residues	ø
1	50.932	0.093	6.608	0.001	3.002
2	15.682	48.474	6.659	-0.001	3.002
3	-41.216	29.932	6.628	0	3.002
4	-41.207	-29.914	6.553	0	3.002
5	15.678	-48.465	6.539	0	3.002
6	50.931	-0.082	6.607	0	3.002
7	25.502	-0.052	8.604	-0.001	3.002
8	7.852	-24.239	8.572	-0.001	3.002
9	-20.634	-14.974	8.578	0	3.002
10	-20.633	14.998	8.616	0.001	3.002
11	7.853	24.267	8.633	0.001	3.002
12	25.501	0.046	8.605	0	3.002
13	0.002	0.045	9.268	0	3.002
14	0.002	0.037	9.268	0	3.002
15	0.002	0.029	9.268	0	3.002
16	0.002	0.021	9.269	0	3.002
17	0.002	0.018	9.269	0	3.002
18	0.002	0.016	9.268	0	3.002
