ID	x	y	z	Residues	ø
1	50.93	0.08	6.608	0.001	3.002
2	15.682	48.459	6.66	-0.001	3.002
3	-41.215	29.929	6.629	0.001	3.002
4	-41.209	-29.909	6.554	0	3.002
5	15.677	-48.426	6.543	0	3.002
6	50.931	-0.092	6.607	0	3.002
7	25.501	-0.053	8.604	-0.001	3.002
8	7.851	-24.259	8.571	-0.001	3.002
9	-20.633	-14.988	8.577	0	3.002
10	-20.634	14.992	8.615	0	3.002
11	7.852	24.252	8.634	0.001	3.002
12	25.501	0.037	8.605	0	3.002
13	0	0.019	9.268	0	3.002
14	0	0.015	9.268	0	3.002
15	0	0.016	9.269	0	3.002
16	-0.001	0.015	9.269	0	3.002
17	-0.001	0.015	9.268	0	3.002
18	0	0.002	9.268	0	3.002
