ID	x	y	z	Residues	ø
1	50.929	0.107	6.609	0.001	3.002
2	15.681	48.471	6.659	-0.002	3.002
3	-41.214	29.926	6.629	0.001	3.002
4	-41.207	-29.929	6.552	0	3.002
5	15.677	-48.463	6.539	0	3.002
6	50.93	-0.098	6.607	0	3.002
7	25.505	-0.052	8.604	0	3.002
8	7.852	-24.273	8.569	-0.001	3.002
9	-20.634	-14.987	8.577	0	3.002
10	-20.634	15.001	8.615	0	3.002
11	7.853	24.236	8.634	0	3.002
12	25.501	0.05	8.606	0.001	3.002
13	0.003	0.013	9.268	0	3.002
14	0.003	0.013	9.268	0	3.002
15	0.002	0.01	9.268	0	3.002
16	0.002	0.009	9.268	0	3.002
17	0.001	0.006	9.268	0	3.002
18	0.002	0.007	9.268	0	3.002
