ID	x	y	z	Residues	ø
1	55.071	-0.173	-14.415	0	3.004
2	16.906	-52.384	-14.362	0.001	3.004
3	-44.572	-32.327	-14.395	-0.001	3.004
4	-44.584	32.348	-14.476	0.001	3.004
5	16.913	52.422	-14.487	-0.001	3.004
6	55.071	0.19	-14.415	0	3.004
7	27.664	0.11	-18.396	0.001	3.004
8	8.497	26.32	-18.433	0	3.004
9	-22.393	16.252	-18.426	0	3.004
10	-22.391	-16.243	-18.384	-0.001	3.004
11	8.494	-26.321	-18.366	0	3.004
12	27.664	-0.086	-18.395	0	3.004
13	0.001	0.015	-19.73	0	3.004
14	0.001	0.006	-19.73	0	3.004
15	0	0.004	-19.73	0	3.004
16	0.001	0.004	-19.73	0	3.004
17	0.001	0.004	-19.729	0	3.004
18	0.001	0.004	-19.73	0	3.004
