ID	x	y	z	Residues	ø
1	55.071	-0.204	-14.416	0	3.004
2	16.907	-52.401	-14.358	0.001	3.004
3	-44.573	-32.323	-14.394	-0.001	3.004
4	-44.586	32.347	-14.474	0	3.004
5	16.915	52.415	-14.488	-0.001	3.004
6	55.07	0.178	-14.415	0	3.004
7	27.666	0.106	-18.396	0.001	3.004
8	8.496	26.32	-18.433	0	3.004
9	-22.393	16.254	-18.426	0.001	3.004
10	-22.388	-16.249	-18.384	0	3.004
11	8.495	-26.342	-18.363	-0.001	3.004
12	27.665	-0.088	-18.394	0	3.004
13	0	0.013	-19.729	0	3.004
14	0	0.014	-19.729	0	3.004
15	0	0.015	-19.729	0	3.004
16	-0.001	0.006	-19.729	0	3.004
17	-0.001	0.006	-19.729	0	3.004
18	-0.001	0.006	-19.729	0	3.004
