ID	x	y	z	Residues	ø
1	55.071	-0.215	-14.416	0	3.004
2	16.907	-52.402	-14.358	0.001	3.004
3	-44.571	-32.354	-14.391	-0.001	3.004
4	-44.583	32.354	-14.473	0	3.004
5	16.916	52.418	-14.487	-0.001	3.004
6	55.073	0.193	-14.415	-0.001	3.004
7	27.665	0.122	-18.396	0.001	3.004
8	8.497	26.321	-18.433	0.001	3.004
9	-22.392	16.248	-18.425	0.001	3.004
10	-22.391	-16.232	-18.384	0	3.004
11	8.495	-26.319	-18.365	-0.001	3.004
12	27.666	-0.085	-18.394	0	3.004
13	0.002	0.007	-19.729	0	3.004
14	0.001	0.003	-19.729	0	3.004
15	0.001	0.003	-19.729	0	3.004
16	0.001	0.003	-19.729	0	3.004
17	0	0.003	-19.729	0	3.004
18	0	0.003	-19.729	0	3.004
